1 12 1
1 16 7
1 18 6
1 19 6
1 20 1
2 4 10
2 5 5
2 6 1
2 11 10
2 13 4
2 14 9
2 15 8
2 19 6
3 4 1
3 5 1
3 7 4
3 8 10
3 9 10
3 14 8
3 15 3
3 16 6
3 18 5
3 19 3
3 20 1
4 5 9
4 6 4
4 7 2
4 8 6
4 15 3
4 17 2
4 18 4
4 20 1
5 6 10
5 8 6
5 10 5
5 11 7
5 13 6
5 15 8
5 19 8
5 20 2
6 7 7
6 8 8
6 9 7
6 11 10
6 13 10
6 16 5
6 17 2
6 18 3
6 19 5
6 20 2
7 9 6
7 10 1
7 15 2
7 17 3
7 18 10
8 12 1
8 15 10
8 16 8
8 18 3
8 20 7
9 12 4
9 13 8
9 14 3
9 18 9
9 20 5
10 13 6
10 16 9
10 17 2
10 18 6
11 12 6
11 15 8
11 18 10
11 19 6
12 13 3
12 15 7
12 16 9
12 17 4
12 19 6
13 17 1
13 19 5
14 16 8
14 17 9
14 19 10
14 20 2
15 18 6
15 19 1
16 17 10
16 19 5
16 20 7
17 18 8
18 19 5
