1 2 1
1 3 6
1 4 3
1 5 8
1 6 10
1 7 6
1 8 6
1 9 7
1 10 4
1 11 9
1 12 7
1 13 3
1 14 8
1 15 4
2 3 6
2 4 7
2 5 7
2 6 8
2 7 1
2 8 3
2 9 10
2 10 2
2 11 10
2 12 9
2 13 6
2 14 5
2 15 7
3 4 4
3 5 1
3 6 9
3 7 8
3 8 6
3 9 7
3 10 5
3 11 5
3 12 7
3 13 1
3 14 9
3 15 6
4 5 7
4 6 5
4 7 8
4 8 8
4 9 5
4 10 1
4 11 5
4 12 4
4 13 5
4 14 5
4 15 10
5 6 10
5 7 7
5 8 9
5 9 5
5 10 4
5 11 1
5 12 4
5 13 7
5 14 7
5 15 5
6 7 4
6 8 3
6 9 9
6 10 7
6 11 4
6 12 2
6 13 4
6 14 9
6 15 7
7 8 6
7 9 2
7 10 7
7 11 8
7 12 7
7 13 5
7 14 1
7 15 9
8 9 10
8 10 10
8 11 3
8 12 4
8 13 7
8 14 10
8 15 9
9 10 6
9 11 7
9 12 6
9 13 1
9 14 5
9 15 2
10 11 6
10 12 10
10 13 6
10 14 6
10 15 4
11 12 8
11 13 4
11 14 1
11 15 10
12 13 10
12 14 7
12 15 7
13 14 2
13 15 3
14 15 10
