1 2 4
1 3 1
1 4 4
1 5 3
1 6 4
1 7 1
1 8 3
1 9 6
1 10 7
1 11 9
1 12 9
1 13 3
1 14 2
1 15 1
1 16 2
1 17 10
1 18 10
1 19 4
1 20 3
2 3 7
2 4 8
2 5 9
2 6 6
2 7 8
2 8 1
2 9 4
2 10 1
2 11 6
2 12 9
2 13 4
2 14 9
2 15 2
2 16 1
2 17 10
2 18 1
2 19 1
2 20 9
3 4 9
3 5 3
3 6 7
3 7 9
3 8 8
3 9 2
3 10 4
3 11 3
3 12 1
3 13 9
3 14 6
3 15 3
3 16 4
3 17 9
3 18 1
3 19 8
3 20 10
4 5 7
4 6 9
4 7 2
4 8 7
4 9 7
4 10 1
4 11 8
4 12 2
4 13 10
4 14 3
4 15 5
4 16 9
4 17 1
4 18 7
4 19 6
4 20 6
5 6 1
5 7 2
5 8 3
5 9 4
5 10 2
5 11 9
5 12 1
5 13 5
5 14 8
5 15 7
5 16 4
5 17 6
5 18 1
5 19 4
5 20 5
6 7 9
6 8 10
6 9 7
6 10 7
6 11 5
6 12 10
6 13 3
6 14 4
6 15 10
6 16 4
6 17 8
6 18 9
6 19 1
6 20 9
7 8 5
7 9 7
7 10 1
7 11 10
7 12 7
7 13 3
7 14 2
7 15 7
7 16 8
7 17 1
7 18 2
7 19 5
7 20 1
8 9 4
8 10 10
8 11 3
8 12 7
8 13 6
8 14 6
8 15 1
8 16 8
8 17 3
8 18 8
8 19 6
8 20 5
9 10 9
9 11 1
9 12 3
9 13 5
9 14 6
9 15 1
9 16 1
9 17 6
9 18 7
9 19 4
9 20 5
10 11 5
10 12 9
10 13 1
10 14 4
10 15 4
10 16 7
10 17 8
10 18 10
10 19 10
10 20 9
11 12 2
11 13 9
11 14 5
11 15 9
11 16 3
11 17 5
11 18 8
11 19 6
11 20 9
12 13 9
12 14 6
12 15 5
12 16 10
12 17 2
12 18 10
12 19 7
12 20 3
13 14 8
13 15 7
13 16 2
13 17 6
13 18 3
13 19 1
13 20 4
14 15 7
14 16 3
14 17 9
14 18 1
14 19 2
14 20 5
15 16 2
15 17 5
15 18 8
15 19 7
15 20 3
16 17 6
16 18 2
16 19 5
16 20 8
17 18 2
17 19 8
17 20 7
18 19 5
18 20 9
19 20 2
